-23.906483 15.170165
-22.430193 3.459445
-23.773563 14.673693
-21.568955 26.063764
-13.567062 9.954461
-21.361401 13.961469
-18.074484 12.428326
-20.915688 13.889777
-16.720927 9.099601
-23.159744 15.962732
-19.792109 14.082285
-15.261347 16.567496
-15.946030 12.087928
-21.628379 14.955305
-13.019561 -1.422918
-26.745567 19.436875
-20.319142 12.183828
-24.878528 16.680258
-11.926546 8.416869
-23.671746 16.921441
-26.787085 3.624150
-28.315417 12.052977
-24.873056 23.169655
-25.064775 17.436202
-11.707042 10.204407
-16.264291 13.082468
-21.106707 28.504766
-25.123917 17.251031
-21.298139 29.134110
-19.233579 14.685527
