Best classifiers: [0.6, 0.9, 2.3000000000000003, 1.0, 0.9]
Training Error: [0.19714285714285715, 0.13428571428571429, 0.018571428571428572, 0.14285714285714285, 0.21571428571428572]
Accuracy: [0.7066666666666667, 0.7466666666666667, 0.9466666666666667, 0.7466666666666667, 0.7666666666666667]
Precision: 0.7882640759418699
Accuracy: 0.7826666666666666
Confusion matrix, without normalization
[[106  11   1  10  22]
 [  2 112   3  23  10]
 [  2   0 142   5   1]
 [  7  11   4 112  16]
 [ 12   3   2  18 115]]

