25.012386 -6.160147
30.662736 -11.457046
19.566996 -9.229323
20.908062 -8.632307
34.480357 -6.470619
24.871446 1.265665
14.888863 -19.821821
28.298702 2.995780
13.528762 4.146447
18.623289 10.237597
29.861116 -11.771007
20.519694 8.391373
28.133964 -18.846694
17.395636 -21.236441
36.702935 -19.334841
37.911600 -20.345376
34.198376 -7.645045
22.250800 -1.213162
11.144739 -6.294940
24.221795 0.500242
44.303395 -3.666160
39.759998 -12.517694
29.469350 -19.040079
9.763353 -9.360296
24.436183 -25.104622
29.374341 -14.755670
37.437468 -8.046715
40.813390 -12.745867
12.010112 -2.840788
17.755729 -21.892586
12.626029 -8.293265
37.504587 -12.332819
17.834143 -4.625087
22.145124 -12.313021
35.748538 -15.286784
18.958197 -11.261688
43.659918 -8.902578
19.401639 8.155191
30.170958 -15.562996
23.156275 -3.822154
6.305597 -20.175273
24.763438 -12.089514
17.266787 -7.602735
19.155330 -25.976489
24.190412 -30.697527
29.254609 -10.532626
9.055767 -10.040057
13.334990 -25.378276
34.824107 -18.032344
32.688628 -27.844011
8.064012 -7.000457
17.038757 -16.719028
38.160618 -22.013568
27.744947 -31.791336
32.494819 -34.531846
25.125921 -11.550711
24.217227 -24.506311
34.599708 -19.514501
23.732056 -11.919025
33.212148 -15.180400
20.299323 -12.223507
16.539208 8.378021
32.573650 -0.686560
46.832445 -5.803869
9.968776 -4.811563
31.080356 -2.380752
16.744294 -7.146579
29.189351 -11.254681
18.402975 -24.843841
33.542042 -14.600815
29.261583 -30.230083
8.416642 -16.909578
12.451189 -6.621986
34.341400 -20.475660
21.836433 -5.186721
20.447570 -11.786076
42.205439 -4.355163
11.733288 -3.150328
21.014175 -6.796115
23.612254 -8.712125
35.625032 -15.149974
38.202614 -19.244814
26.648837 -23.573046
15.856474 -5.713721
41.448962 -1.763855
36.534733 -7.546401
31.963890 -28.496414
35.235308 -27.338869
17.407842 -17.096027
21.760556 -3.361790
23.624007 -4.705462
12.148495 -4.360145
15.992919 -5.606452
34.812169 1.751980
17.188936 -2.690260
26.218893 -13.374755
24.374982 -21.415218
30.143323 -13.098833
19.262711 -28.076529
8.064983 -23.466600
